L1 = 1.19626e-08
L2 = 4.44086e-08
Lmax = 5.22349e-07

