L1 = 0.00148308
L2 = 0.00579622
Lmax = 0.0682516

