L1 = 5.60607e-06
L2 = 2.17368e-05
Lmax = 0.000266439

