L1 = 6.64083e-12
L2 = 2.64732e-11
Lmax = 3.09228e-10

