L1 = 0.327189
L2 = 1.18346
Lmax = 11.7741

