L1 = 9.03309e-05
L2 = 0.000350848
Lmax = 0.00426622

