L1 = 2.24775e-05
L2 = 8.72043e-05
Lmax = 0.00106606

