L1 = 0.0717241
L2 = 0.246576
Lmax = 2.45653

