L1 = 1.77228e-06
L2 = 7.63974e-06
Lmax = 6.65992e-05

