L1 = 7.7862e-12
L2 = 3.51773e-11
Lmax = 2.98606e-10

