L1 = 1.46934e-08
L2 = 6.07233e-08
Lmax = 5.22349e-07

