L1 = 0.00510848
L2 = 0.0185461
Lmax = 0.145814

