L1 = 7.0918e-06
L2 = 3.05658e-05
Lmax = 0.000266439

