L1 = 0.000455945
L2 = 0.00196057
Lmax = 0.0170738

