L1 = 0.175358
L2 = 0.652637
Lmax = 5.20364

