L1 = 0.0205675
L2 = 0.0748415
Lmax = 0.589204

