L1 = 2.36651e-07
L2 = 9.76783e-07
Lmax = 8.3966e-06

