L1 = 0.0102391
L2 = 0.0372011
Lmax = 0.292613

