L1 = 0.0844912
L2 = 0.310358
Lmax = 2.45653

