L1 = 0.000113708
L2 = 0.000489612
Lmax = 0.00426622

