L1 = 8.35626e-12
L2 = 3.62685e-11
Lmax = 3.10102e-10

