L1 = 0.00183033
L2 = 0.00784699
Lmax = 0.0682516

