L1 = 5.54893e-11
L2 = 2.28997e-10
Lmax = 1.97127e-09

