L1 = 2.83878e-05
L2 = 0.000122314
Lmax = 0.00106606

