L1 = 9.1339e-10
L2 = 3.77666e-09
Lmax = 3.24991e-08

