L1 = 0.0414977
L2 = 0.151472
Lmax = 1.19462

