L1 = 3.2243e-06
L2 = 1.21815e-05
Lmax = 0.000135241

