L1 = 1.94926e-07
L2 = 7.27902e-07
Lmax = 8.3966e-06

