L1 = 0.0351473
L2 = 0.119901
Lmax = 1.19462

