L1 = 0.0174006
L2 = 0.0591353
Lmax = 0.589204

