L1 = 7.40577e-10
L2 = 2.74112e-09
Lmax = 3.25602e-08

