L1 = 0.00865769
L2 = 0.0293677
Lmax = 0.292613

