L1 = 4.60616e-11
L2 = 1.70236e-10
Lmax = 2.0321e-09

