L1 = 0.00609946
L2 = 0.0239973
Lmax = 0.270752

