L1 = 0.149554
L2 = 0.522467
Lmax = 5.20364

