L1 = 0.000364603
L2 = 0.00141923
Lmax = 0.0170738

