L1 = 7.50755e-14
L2 = 1.09105e-12
Lmax = 2.44711e-11

