L1 = 0.0155537
L2 = 0.123978
Lmax = 3.05704

