L1 = 0.000226819
L2 = 0.00426082
Lmax = 0.125802

