L1 = 4.77045e-14
L2 = 6.86613e-13
Lmax = 1.5973e-11

