L1 = 5.71997e-05
L2 = 0.00107693
Lmax = 0.0318143

