L1 = 0.00784491
L2 = 0.0639833
Lmax = 1.61299

