L1 = 1.4359e-05
L2 = 0.000270637
Lmax = 0.00799707

