L1 = 0.00394087
L2 = 0.0325319
Lmax = 0.82881

