L1 = 1.5432e-13
L2 = 2.21908e-12
Lmax = 6.24141e-11

